# Previsualizacion - el robot NO se ha movido todavia.
# Generado desde taskfile_chess_game_no_objects.xml

PINZA: ABRIR
[0] Transit (2 puntos)
    movej [1.3922533331060816, -1.409356163512224, 0.965342307409764, -1.2020110483752982, -1.5336250025176223, 6.084046032053836]
    movej [1.1852726427169715, -1.0385979649061712, 1.04960610556435, -1.627018268923539, -1.5455127891188054, 5.871209412958434]
[1] Transit (2 puntos)
    movej [1.1852726427169715, -1.0385979649061712, 1.04960610556435, -1.627018268923539, -1.5455127891188054, 5.871209412958434]
    movej [1.1852726427169715, -1.0023062865719021, 1.2691720161237408, -1.882882141002507, -1.5455127891188054, 5.871209412958434]
PINZA: CERRAR
[2] Transfer (2 puntos)
    movej [1.1852726427169715, -1.0023062865719021, 1.2691720161237408, -1.882882141002507, -1.5455127891188054, 5.871209412958434]
    movej [1.1852726427169715, -1.0385979649061712, 1.04960610556435, -1.627018268923539, -1.5455127891188054, 5.871209412958434]
[3] Transfer (2 puntos)
    movej [1.1852726427169715, -1.0385979649061712, 1.04960610556435, -1.627018268923539, -1.5455127891188054, 5.871209412958434]
    movej [1.2221549404701157, -1.590600926883127, 1.732984189129123, -1.7593044523808983, -1.5471966827811299, 5.9080665779703505]
[4] Transfer (2 puntos)
    movej [1.2221549404701157, -1.590600926883127, 1.732984189129123, -1.7593044523808983, -1.5471966827811299, 5.9080665779703505]
    movej [1.2221549404701157, -1.520468012484388, 1.9484911619800762, -2.0449380564452824, -1.5471966827811299, 5.9080665779703505]
PINZA: ABRIR
[5] Transit (2 puntos)
    movej [1.2221549404701157, -1.520468012484388, 1.9484911619800762, -2.0449380564452824, -1.5471966827811299, 5.9080665779703505]
    movej [1.2221549404701157, -1.590600926883127, 1.732984189129123, -1.7593044523808983, -1.5471966827811299, 5.9080665779703505]
[6] Transit (2 puntos)
    movej [1.2221549404701157, -1.590600926883127, 1.732984189129123, -1.7593044523808983, -1.5471966827811299, 5.9080665779703505]
    movej [1.3922533331060816, -1.409356163512224, 0.965342307409764, -1.2020110483752982, -1.5336250025176223, 6.084046032053836]
[7] Transit (2 puntos)
    movej [1.3922533331060816, -1.409356163512224, 0.965342307409764, -1.2020110483752982, -1.5336250025176223, 6.084046032053836]
    movej [1.2825991831251828, -1.32139156921171, 1.4425942137872045, -1.7394495868102116, -1.5500241161693609, 5.968460555142961]
[8] Transit (2 puntos)
    movej [1.2825991831251828, -1.32139156921171, 1.4425942137872045, -1.7394495868102116, -1.5500241161693609, 5.968460555142961]
    movej [1.2825991831251828, -1.2611232557452432, 1.6469233999766848, -2.0040470864661577, -1.5500241161693609, 5.968460555142961]
PINZA: CERRAR
[9] Transfer (2 puntos)
    movej [1.2825991831251828, -1.2611232557452432, 1.6469233999766848, -2.0040470864661577, -1.5500241161693609, 5.968460555142961]
    movej [1.2825991831251828, -1.32139156921171, 1.4425942137872045, -1.7394495868102116, -1.5500241161693609, 5.968460555142961]
[10] Transfer (2 puntos)
    movej [1.2825991831251828, -1.32139156921171, 1.4425942137872045, -1.7394495868102116, -1.5500241161693609, 5.968460555142961]
    movej [1.3252745777315464, -1.0428453981738244, 1.0574726535689383, -1.6337161444609931, -1.5520724345795012, 6.011098250637481]
[11] Transfer (2 puntos)
    movej [1.3252745777315464, -1.0428453981738244, 1.0574726535689383, -1.6337161444609931, -1.5520724345795012, 6.011098250637481]
    movej [1.3252745777315464, -1.0057620384908503, 1.276039537664488, -1.889366388239516, -1.5520724345795012, 6.011098250637481]
PINZA: ABRIR
[12] Transit (2 puntos)
    movej [1.3252745777315464, -1.0057620384908503, 1.276039537664488, -1.889366388239516, -1.5520724345795012, 6.011098250637481]
    movej [1.3252745777315464, -1.0428453981738244, 1.0574726535689383, -1.6337161444609931, -1.5520724345795012, 6.011098250637481]
[13] Transit (2 puntos)
    movej [1.3252745777315464, -1.0428453981738244, 1.0574726535689383, -1.6337161444609931, -1.5520724345795012, 6.011098250637481]
    movej [1.3922533331060816, -1.409356163512224, 0.965342307409764, -1.2020110483752982, -1.5336250025176223, 6.084046032053836]
[14] Transit (2 puntos)
    movej [1.3922533331060816, -1.409356163512224, 0.965342307409764, -1.2020110483752982, -1.5336250025176223, 6.084046032053836]
    movej [1.3252745777315464, -1.0428453981738244, 1.0574726535689383, -1.6337161444609931, -1.5520724345795012, 6.011098250637481]
[15] Transit (2 puntos)
    movej [1.3252745777315464, -1.0428453981738244, 1.0574726535689383, -1.6337161444609931, -1.5520724345795012, 6.011098250637481]
    movej [1.3252745777315464, -1.0057620384908503, 1.276039537664488, -1.889366388239516, -1.5520724345795012, 6.011098250637481]
PINZA: CERRAR
[16] Transfer (2 puntos)
    movej [1.3252745777315464, -1.0057620384908503, 1.276039537664488, -1.889366388239516, -1.5520724345795012, 6.011098250637481]
    movej [1.3252745777315464, -1.0428453981738244, 1.0574726535689383, -1.6337161444609931, -1.5520724345795012, 6.011098250637481]
[17] Transfer (2 puntos)
    movej [1.3252745777315464, -1.0428453981738244, 1.0574726535689383, -1.6337161444609931, -1.5520724345795012, 6.011098250637481]
    movej [0.6455847239420889, -0.8530932018970008, 0.7188152486972665, -1.4623359820223625, -1.5258841182191762, 5.331534060554166]
[18] Transfer (2 puntos)
    movej [0.6455847239420889, -0.8530932018970008, 0.7188152486972665, -1.4623359820223625, -1.5258841182191762, 5.331534060554166]
    movej [0.6455847239420889, -0.8521381577303098, 0.9923977033424798, -1.7368609144636524, -1.5258841182191762, 5.331534060554166]
PINZA: ABRIR
[19] Transit (2 puntos)
    movej [0.6455847239420889, -0.8521381577303098, 0.9923977033424798, -1.7368609144636524, -1.5258841182191762, 5.331534060554166]
    movej [0.6455847239420889, -0.8530932018970008, 0.7188152486972665, -1.4623359820223625, -1.5258841182191762, 5.331534060554166]
[20] Transit (2 puntos)
    movej [0.6455847239420889, -0.8530932018970008, 0.7188152486972665, -1.4623359820223625, -1.5258841182191762, 5.331534060554166]
    movej [1.3252745777315464, -1.0428453981738244, 1.0574726535689383, -1.6337161444609931, -1.5520724345795012, 6.011098250637481]
[21] Transit (2 puntos)
    movej [1.3252745777315464, -1.0428453981738244, 1.0574726535689383, -1.6337161444609931, -1.5520724345795012, 6.011098250637481]
    movej [1.450724655574695, -1.2821593601536803, 1.3924166959240676, -1.731319145022721, -1.558255088921766, 6.136410098403871]
[22] Transit (2 puntos)
    movej [1.450724655574695, -1.2821593601536803, 1.3924166959240676, -1.731319145022721, -1.558255088921766, 6.136410098403871]
    movej [1.450724655574695, -1.2245676836280728, 1.5970223422670644, -1.99350390152071, -1.558255088921766, 6.136410098403871]
PINZA: CERRAR
[23] Transfer (2 puntos)
    movej [1.450724655574695, -1.2245676836280728, 1.5970223422670644, -1.99350390152071, -1.558255088921766, 6.136410098403871]
    movej [1.450724655574695, -1.2821593601536803, 1.3924166959240676, -1.731319145022721, -1.558255088921766, 6.136410098403871]
[24] Transfer (2 puntos)
    movej [1.450724655574695, -1.2821593601536803, 1.3924166959240676, -1.731319145022721, -1.558255088921766, 6.136410098403871]
    movej [1.3252745777315464, -1.0428453981738244, 1.0574726535689383, -1.6337161444609931, -1.5520724345795012, 6.011098250637481]
[25] Transfer (2 puntos)
    movej [1.3252745777315464, -1.0428453981738244, 1.0574726535689383, -1.6337161444609931, -1.5520724345795012, 6.011098250637481]
    movej [1.3252745777315464, -1.0057620384908503, 1.276039537664488, -1.889366388239516, -1.5520724345795012, 6.011098250637481]
PINZA: ABRIR
[26] Transit (2 puntos)
    movej [1.3252745777315464, -1.0057620384908503, 1.276039537664488, -1.889366388239516, -1.5520724345795012, 6.011098250637481]
    movej [1.3252745777315464, -1.0428453981738244, 1.0574726535689383, -1.6337161444609931, -1.5520724345795012, 6.011098250637481]
[27] Transit (2 puntos)
    movej [1.3252745777315464, -1.0428453981738244, 1.0574726535689383, -1.6337161444609931, -1.5520724345795012, 6.011098250637481]
    movej [1.3922533331060816, -1.409356163512224, 0.965342307409764, -1.2020110483752982, -1.5336250025176223, 6.084046032053836]
